45 14 56 115
27 53 91 171
27 16 38 81
45 55 14 114
15 55 84 154
35 90 95 220
29 5 32 66
74 14 47 135
95 57 89 241
15 61 76 152
81 19 23 123
37 66 34 137
57 55 65 177
8 25 35 68
37 54 1 92
57 22 12 91
33 14 67 114
26 89 32 147
10 73 65 148
60 64 44 168
23 35 34 92
59 57 90 206
23 32 48 103
24 87 63 174
66 68 38 172
40 97 2 139
51 31 83 165
43 95 81 219
33 70 81 184
37 62 33 132
22 88 98 208
5 79 25 109
98 60 75 233
83 90 75 248
37 44 94 175
6 56 50 112
8 80 43 131
15 85 57 157
50 65 76 191
60 67 33 160
42 97 20 159
71 56 53 180
29 26 67 122
87 40 52 179
60 22 82 164
58 26 44 128
40 55 38 133
2 91 7 100
67 45 31 143
51 88 22 161
78 85 84 247
8 4 97 109
22 45 23 90
13 74 49 136
46 74 28 148
45 78 26 149
45 37 96 178
26 52 30 108
28 55 65 148
96 65 43 204
10 11 85 106
58 67 32 157
93 92 87 272
13 37 63 113
98 34 96 228
70 58 81 209
94 7 80 181
76 51 28 155
33 17 38 88
85 83 24 192
81 97 29 207
13 44 79 136
64 5 39 108
13 34 69 116
18 36 15 69
8 81 39 128
52 97 22 171
2 4 36 42
56 8 63 127
68 40 44 152
35 9 75 119
18 17 65 100
17 63 38 118
26 88 73 187
67 76 31 174
51 98 48 197
97 34 87 218
75 94 63 232
62 7 26 95
47 35 30 112
7 78 47 132
91 65 51 207
49 38 7 94
71 11 68 150
89 15 80 184
20 10 24 54
57 92 96 245
24 15 64 103
91 15 27 133
33 93 39 165
