66 58 55 179
83 18 97 198
45 51 85 181
37 94 41 172
28 13 16 57
68 46 62 176
70 15 2 87
59 98 17 174
62 27 34 123
97 41 56 194
18 41 53 112
24 17 5 46
19 9 12 40
92 35 84 211
66 92 91 249
16 12 13 41
31 88 80 199
58 33 94 185
84 73 28 185
94 14 83 191
69 39 43 151
19 80 44 143
48 39 63 150
27 14 93 134
78 94 91 263
78 31 22 131
59 75 39 173
54 33 88 175
52 0 73 125
19 96 23 138
28 39 57 124
54 9 3 66
59 17 58 134
11 48 22 81
6 52 2 60
65 30 91 186
85 51 13 149
38 74 88 200
71 27 88 186
19 96 29 144
89 46 7 142
28 96 17 141
75 74 64 213
56 40 68 164
19 0 3 22
15 90 26 131
42 13 38 93
57 80 56 193
38 15 52 105
93 86 97 276
62 40 17 119
39 84 53 176
41 55 70 166
57 32 77 166
6 40 77 123
63 78 26 167
7 0 61 68
68 58 16 142
10 70 59 139
49 71 22 142
42 20 1 63
0 91 97 188
52 73 74 199
71 93 33 197
80 62 34 176
2 87 39 128
86 21 69 176
25 62 84 171
55 65 21 141
71 94 78 243
74 47 29 150
74 42 73 189
91 30 83 204
65 59 51 175
24 92 30 146
10 90 62 162
38 52 31 121
48 37 64 149
0 29 42 71
53 74 73 200
47 92 71 210
46 66 2 114
28 79 92 199
80 40 1 121
43 11 80 134
25 6 34 65
33 29 74 136
41 25 81 147
21 61 84 166
22 70 76 168
28 1 31 60
66 53 77 196
56 70 66 192
95 33 62 190
31 28 36 95
37 1 33 71
35 97 23 155
59 5 53 117
83 18 92 193
21 12 98 131
48 52 19 119
97 95 53 245
34 93 46 173
63 38 77 178
80 51 78 209
71 62 66 199
27 32 91 150
58 14 45 117
71 79 91 241
18 97 79 194
17 76 80 173
52 29 0 81
35 81 85 201
82 65 83 230
0 64 67 131
50 19 89 158
98 2 75 175
9 65 83 157
72 27 50 149
44 33 43 120
44 4 58 106
79 72 93 244
94 31 23 148
74 1 7 82
53 10 8 71
2 28 39 69
48 86 83 217
91 27 89 207
25 75 16 116
31 57 28 116
5 19 54 78
8 9 2 19
45 43 8 96
91 76 51 218
93 34 69 196
67 11 54 132
60 25 74 159
45 7 92 144
10 3 85 98
5 22 58 85
31 6 21 58
28 3 60 91
19 16 73 108
54 6 51 111
94 76 29 199
13 77 40 130
16 53 92 161
75 70 81 226
37 62 60 159
38 89 33 160
79 23 38 140
31 55 33 119
50 51 25 126
30 5 63 98
51 56 67 174
61 62 14 137
61 44 26 131
58 56 64 178
80 72 56 208
54 15 24 93
1 43 62 106
52 93 72 217
98 45 54 197
37 60 64 161
57 0 38 95
67 25 20 112
13 28 41 82
86 85 2 173
53 83 4 140
48 79 85 212
11 60 22 93
2 28 13 43
70 18 31 119
69 5 28 102
0 96 82 178
81 3 93 177
29 71 52 152
33 54 93 180
61 39 38 138
55 95 41 191
91 17 60 168
91 12 11 114
15 8 49 72
57 73 81 211
42 9 20 71
17 78 42 137
98 70 87 255
71 21 44 136
72 73 39 184
30 16 11 57
50 70 13 133
38 42 85 165
62 93 28 183
35 93 49 177
2 82 43 127
75 56 17 148
8 81 20 109
79 27 41 147
30 22 64 116
81 60 8 149
50 41 94 185
25 33 55 113
63 13 29 105
57 25 46 128
95 60 98 253
50 84 10 144
84 45 48 177
12 86 33 131
79 87 32 198
73 53 40 166
51 97 32 180
29 37 16 82
64 59 4 127
98 4 96 198
14 16 34 64
98 66 17 181
95 96 29 220
60 59 22 141
33 70 93 196
46 32 26 104
64 7 39 110
39 79 10 128
30 72 94 196
38 54 24 116
28 19 1 48
42 87 22 151
85 48 7 140
74 73 17 164
8 77 13 98
74 7 49 130
2 44 78 124
38 91 89 218
47 16 83 146
84 40 13 137
18 54 13 85
72 81 50 203
26 7 33 66
79 89 12 180
52 7 81 140
79 58 36 173
65 35 95 195
5 73 0 78
47 82 32 161
84 89 78 251
72 77 22 171
52 74 42 168
94 8 72 174
73 93 67 233
63 81 61 205
98 16 59 173
10 74 90 174
51 4 21 76
14 27 0 41
17 5 6 28
70 58 97 225
91 73 90 254
87 64 77 228
65 40 22 127
3 41 10 54
3 0 62 65
20 65 73 158
43 46 57 146
4 9 24 37
6 45 80 131
48 80 19 147
55 18 84 157
75 26 23 124
35 21 78 134
1 94 29 124
29 11 4 44
92 69 21 182
54 10 32 96
65 83 75 223
87 9 2 98
87 69 95 251
91 63 25 179
49 82 29 160
76 69 12 157
6 81 58 145
41 29 6 76
21 64 73 158
86 56 57 199
50 19 86 155
30 78 9 117
37 87 59 183
35 58 70 163
5 95 45 145
87 11 5 103
50 10 97 157
76 6 26 108
65 24 4 93
87 33 91 211
59 94 53 206
4 37 20 61
34 33 61 128
22 96 46 164
88 98 68 254
82 75 61 218
66 59 12 137
36 20 30 86
91 9 43 143
27 80 75 182
48 45 65 158
16 15 72 103
58 72 74 204
5 71 33 109
66 54 63 183
73 10 68 151
8 80 15 103
73 93 15 181
49 86 58 193
44 23 66 133
98 36 55 189
11 61 6 78
2 41 35 78
82 73 25 180
25 44 14 83
48 82 76 206
56 10 7 73
90 81 29 200
11 82 36 129
27 13 95 135
65 79 28 172
38 17 48 103
40 84 91 215
77 87 56 220
16 14 9 39
76 8 34 118
45 0 34 79
49 51 74 174
66 84 71 221
0 36 51 87
37 72 40 149
55 53 91 199
15 2 88 105
13 95 75 183
97 36 25 158
96 63 52 211
10 89 67 166
91 44 83 218
33 30 93 156
59 89 64 212
90 3 32 125
6 93 71 170
3 32 62 97
96 28 50 174
73 64 18 155
35 31 82 148
52 76 79 207
50 12 95 157
72 98 67 237
57 63 41 161
70 64 58 192
71 45 52 168
61 79 35 175
75 24 1 100
0 70 51 121
77 85 97 259
82 94 87 263
36 28 17 81
63 12 9 84
42 91 30 163
43 47 79 169
63 61 39 163
65 12 34 111
80 88 44 212
12 47 22 81
12 47 32 91
77 75 48 200
7 57 39 103
79 98 94 271
3 25 93 121
89 79 11 179
14 39 12 65
84 71 77 232
51 1 22 74
23 14 87 124
67 57 21 145
79 73 37 189
72 79 15 166
79 81 6 166
46 71 70 187
10 54 92 156
90 22 27 139
15 59 96 170
90 4 11 105
39 27 7 73
51 28 67 146
60 37 18 115
86 0 95 181
90 23 24 137
73 94 79 246
86 52 64 202
55 23 31 109
64 45 92 201
20 61 13 94
7 88 24 119
8 34 22 64
97 75 2 174
82 8 42 132
76 57 0 133
86 87 32 205
43 41 38 122
13 65 33 111
75 62 11 148
4 92 86 182
46 79 63 188
52 2 13 67
59 69 44 172
71 56 11 138
46 7 81 134
85 67 30 182
61 50 28 139
5 8 65 78
20 50 14 84
94 16 15 125
67 75 31 173
0 52 15 67
22 50 41 113
40 39 1 80
38 94 63 195
32 7 40 79
9 46 64 119
94 38 89 221
15 37 12 64
30 79 27 136
16 8 74 98
55 2 51 108
46 55 84 185
63 55 50 168
0 30 66 96
9 91 20 120
67 90 15 172
13 96 51 160
41 90 70 201
48 96 65 209
88 96 28 212
11 35 5 51
53 21 85 159
0 37 73 110
82 22 98 202
10 17 66 93
0 45 73 118
39 46 57 142
18 52 69 139
14 80 86 180
90 42 70 202
19 10 73 102
68 58 73 199
3 51 29 83
64 58 19 141
29 65 3 97
46 13 77 136
7 20 57 84
87 13 56 156
74 60 30 164
27 24 31 82
91 75 88 254
38 63 68 169
18 77 64 159
41 14 47 102
39 80 31 150
86 18 73 177
56 44 54 154
46 91 89 226
82 37 45 164
92 74 14 180
49 27 3 79
66 76 43 185
50 93 65 208
27 64 55 146
2 91 19 112
25 50 84 159
98 40 60 198
80 90 30 200
31 23 77 131
76 56 17 149
14 55 15 84
57 82 25 164
20 89 65 174
49 77 44 170
26 21 0 47
78 4 3 85
72 24 64 160
59 85 79 223
36 6 8 50
8 77 31 116
4 5 2 11
73 71 5 149
47 14 50 111
80 71 36 187
28 24 97 149
54 43 16 113
12 48 5 65
77 94 80 251
20 98 81 199
87 76 74 237
40 81 24 145
39 62 93 194
82 73 5 160
2 11 28 41
9 80 16 105
48 9 54 111
76 89 21 186
41 45 12 98
89 44 8 141
27 73 94 194
79 93 80 252
50 53 90 193
24 34 91 149
43 59 67 169
17 28 57 102
23 40 69 132
51 77 31 159
61 95 3 159
14 33 86 133
90 14 8 112
78 68 84 230
6 60 74 140
82 18 52 152
86 19 44 149
58 82 25 165
97 54 7 158
30 69 41 140
8 22 80 110
31 45 12 88
7 28 16 51
13 94 54 161
92 78 31 201
66 57 41 164
7 8 55 70
27 40 10 77
86 23 52 161
7 18 31 56
33 80 9 122
48 55 40 143
77 2 23 102
25 86 48 159
53 49 51 153
82 20 88 190
0 33 80 113
83 85 98 266
89 18 25 132
30 9 67 106
55 57 85 197
24 33 41 98
44 58 12 114
10 30 92 132
39 73 64 176
78 73 54 205
71 31 47 149
42 15 2 59
53 77 8 138
76 12 11 99
59 61 2 122
46 82 4 132
42 98 11 151
85 71 78 234
24 87 92 203
44 36 93 173
34 23 91 148
31 25 89 145
46 36 56 138
71 36 5 112
82 76 44 202
97 1 57 155
70 15 56 141
61 45 51 157
83 22 27 132
29 24 71 124
64 79 70 213
31 97 33 161
42 16 94 152
86 4 2 92
82 37 59 178
19 24 59 102
28 11 34 73
44 13 29 86
89 98 16 203
16 61 79 156
18 54 84 156
11 67 82 160
94 65 52 211
31 96 7 134
40 29 9 78
56 47 15 118
0 30 95 125
55 49 15 119
91 73 62 226
80 84 19 183
84 47 73 204
44 4 84 132
38 0 63 101
31 33 84 148
88 10 49 147
67 18 75 160
8 97 36 141
79 7 52 138
50 62 88 200
13 46 97 156
87 5 85 177
96 32 22 150
48 62 25 135
41 98 33 172
5 29 11 45
64 44 84 192
77 41 78 196
48 0 82 130
47 18 88 153
94 58 78 230
20 73 85 178
48 46 87 181
87 16 55 158
67 45 5 117
40 59 7 106
54 2 96 152
58 37 13 108
68 33 80 181
91 61 31 183
29 67 92 188
82 76 78 236
31 26 81 138
46 69 86 201
12 90 7 109
77 72 91 240
43 98 60 201
81 67 86 234
11 19 29 59
97 44 5 146
70 21 23 114
63 40 4 107
63 6 46 115
81 74 36 191
23 58 11 92
14 0 57 71
78 83 8 169
90 14 91 195
0 54 8 62
66 58 54 178
87 35 48 170
91 41 35 167
12 11 59 82
55 95 29 179
44 1 21 66
32 59 98 189
30 28 21 79
90 20 12 122
70 71 76 217
22 11 50 83
34 10 15 59
74 25 42 141
48 32 38 118
73 3 89 165
10 42 93 145
76 30 11 117
47 51 71 169
81 98 7 186
16 30 1 47
59 16 89 164
8 15 27 50
75 12 65 152
4 21 37 62
76 23 2 101
83 22 89 194
50 14 34 98
56 27 26 109
90 36 19 145
13 51 20 84
94 56 93 243
78 48 79 205
31 2 29 62
16 72 2 90
40 35 68 143
28 57 44 129
4 19 28 51
3 32 48 83
14 80 85 179
62 48 5 115
30 86 91 207
77 83 90 250
42 96 45 183
74 13 41 128
13 77 24 114
24 69 15 108
2 42 23 67
25 36 61 122
39 12 62 113
55 38 93 186
29 68 86 183
13 82 79 174
72 4 70 146
25 43 89 157
78 7 42 127
63 84 80 227
5 16 59 80
53 48 89 190
46 83 84 213
52 6 21 79
51 21 15 87
80 98 85 263
50 83 86 219
84 21 40 145
88 51 40 179
40 84 73 197
59 26 37 122
74 78 42 194
85 65 78 228
41 83 13 137
16 1 92 109
59 29 30 118
69 38 98 205
3 18 11 32
38 25 67 130
28 52 49 129
80 23 43 146
2 1 88 91
12 73 89 174
38 8 26 72
88 10 38 136
47 2 63 112
35 80 70 185
9 63 93 165
34 76 42 152
28 38 95 161
26 24 56 106
42 26 59 127
34 26 80 140
65 31 53 149
14 5 97 116
70 22 57 149
21 37 66 124
46 66 89 201
49 34 5 88
29 33 23 85
45 94 61 200
1 16 27 44
96 58 27 181
47 23 68 138
8 14 84 106
51 14 45 110
76 62 82 220
67 53 77 197
86 50 2 138
33 62 88 183
93 63 59 215
14 5 95 114
81 56 90 227
11 98 27 136
26 94 96 216
59 26 78 163
92 58 15 165
63 76 13 152
11 56 60 127
47 19 28 94
60 26 83 169
61 38 39 138
52 62 57 171
62 16 58 136
73 2 63 138
61 87 29 177
70 34 93 197
53 11 10 74
42 88 47 177
4 22 67 93
19 25 3 47
92 86 33 211
21 47 23 91
37 20 44 101
76 36 92 204
70 12 56 138
1 70 54 125
80 22 13 115
12 38 48 98
92 86 87 265
17 28 92 137
17 22 70 109
65 39 10 114
39 42 2 83
46 26 84 156
85 1 41 127
34 23 43 100
34 68 1 103
6 80 28 114
80 4 46 130
90 82 26 198
54 13 63 130
81 64 76 221
34 58 62 154
33 34 27 94
56 41 44 141
3 15 82 100
53 64 1 118
0 68 49 117
20 4 24 48
34 1 41 76
20 38 90 148
5 4 70 79
38 68 6 112
46 11 57 114
44 97 38 179
87 12 77 176
71 27 22 120
1 11 82 94
55 47 42 144
97 87 69 253
0 69 50 119
92 65 13 170
21 89 71 181
67 71 56 194
20 90 66 176
38 22 13 73
37 5 71 113
72 28 23 123
79 57 30 166
53 34 47 134
90 36 61 187
62 50 2 114
56 50 35 141
77 90 16 183
38 70 74 182
72 81 57 210
79 73 9 161
20 56 87 163
67 54 11 132
67 79 68 214
10 55 97 162
22 64 23 109
87 17 75 179
63 55 92 210
16 19 39 74
9 5 66 80
42 36 83 161
1 62 12 75
2 41 32 75
61 32 23 116
90 31 29 150
9 2 47 58
72 40 38 150
97 30 61 188
81 68 70 219
50 26 78 154
84 97 98 279
3 44 88 135
33 56 0 89
27 70 41 138
85 55 9 149
77 60 12 149
2 84 75 161
63 86 19 168
43 91 92 226
61 37 97 195
2 62 54 118
11 41 50 102
90 70 33 193
96 17 26 139
35 93 86 214
4 82 31 117
37 5 95 137
78 50 41 169
52 65 93 210
61 28 81 170
49 51 32 132
69 61 3 133
15 36 11 62
35 40 85 160
53 68 30 151
31 45 81 157
76 54 64 194
10 9 36 55
91 46 89 226
16 43 75 134
95 16 37 148
74 36 64 174
4 16 2 22
22 1 12 35
64 84 1 149
71 5 89 165
79 85 89 253
65 3 87 155
74 40 15 129
21 3 36 60
15 33 20 68
37 8 22 67
56 90 63 209
36 69 97 202
53 69 51 173
65 10 31 106
81 8 28 117
17 39 7 63
68 76 26 170
86 85 76 247
8 76 61 145
83 93 98 274
35 52 6 93
46 18 90 154
58 85 18 161
8 4 94 106
18 17 75 110
9 62 59 130
53 86 94 233
46 95 79 220
71 53 10 134
20 0 45 65
68 9 16 93
23 53 63 139
29 36 81 146
4 32 24 60
14 51 97 162
50 48 7 105
53 11 13 77
14 44 21 79
8 33 28 69
41 96 56 193
24 33 19 76
51 32 50 133
80 8 85 173
46 20 11 77
65 91 85 241
65 91 77 233
62 40 76 178
83 95 53 231
16 66 34 116
23 47 67 137
32 61 34 127
66 84 15 165
21 93 16 130
76 95 16 187
41 91 16 148
42 64 36 142
34 23 64 121
68 55 81 204
68 27 10 105
48 22 77 147
16 57 17 90
86 45 60 191
56 73 59 188
22 46 54 122
40 70 23 133
23 48 20 91
59 16 76 151
50 86 58 194
94 63 16 173
51 45 98 194
62 11 97 170
64 10 70 144
30 59 26 115
27 5 2 34
76 55 30 161
10 41 47 98
90 4 40 134
76 85 93 254
55 9 88 152
94 0 51 145
68 61 5 134
5 48 85 138
48 78 75 201
20 85 73 178
50 94 95 239
13 41 21 75
95 94 27 216
42 7 6 55
1 64 71 136
6 14 95 115
42 67 45 154
73 36 19 128
44 59 83 186
74 91 94 259
26 68 27 121
87 65 80 232
79 36 47 162
42 39 35 116
58 84 20 162
22 3 73 98
54 46 55 155
78 71 91 240
28 83 11 122
79 55 18 152
85 83 89 257
91 70 35 196
97 59 10 166
86 73 54 213
21 83 70 174
56 28 53 137
98 15 21 134
49 94 88 231
18 94 46 158
13 31 87 131
28 65 85 178
56 1 40 97
34 84 0 118
17 16 70 103
16 35 65 116
20 84 90 194
98 38 32 168
11 87 47 145
81 20 4 105
23 46 33 102
23 40 24 87
81 50 37 168
86 3 58 147
