16 53 92 161
68 73 29 170
87 23 50 160
57 84 45 186
26 39 32 97
18 61 60 139
63 9 49 121
71 29 64 164
2 89 81 172
87 93 35 215
65 35 5 105
26 8 90 124
67 86 0 153
80 81 52 213
83 61 21 165
0 9 44 53
44 58 89 191
38 27 58 123
41 50 55 146
17 28 35 80
85 15 71 171
22 4 93 119
92 38 16 146
70 62 96 228
51 53 83 187
86 15 9 110
69 1 37 107
8 67 86 161
52 66 33 151
83 27 16 126
1 88 39 128
24 58 63 145
12 75 72 159
24 64 78 166
98 34 9 141
41 97 98 236
84 75 62 221
16 96 79 191
46 23 12 81
34 87 3 124
93 73 14 180
68 89 31 188
65 14 20 99
83 70 58 211
84 19 52 155
17 15 50 82
52 27 61 140
2 13 16 31
68 22 61 151
55 87 40 182
62 80 23 165
64 67 3 134
10 21 49 80
4 69 41 114
44 57 97 198
85 89 18 192
38 42 66 146
3 80 91 174
24 39 10 73
83 11 24 118
65 97 59 221
54 92 48 194
6 57 80 143
31 89 76 196
68 41 58 167
71 0 43 114
93 68 43 204
92 79 22 193
85 18 33 136
13 29 85 127
62 96 98 256
67 30 14 111
24 61 25 110
80 3 79 162
65 66 25 156
49 39 69 157
67 89 45 201
90 21 62 173
7 76 72 155
46 39 20 105
60 45 6 111
63 37 79 179
61 95 38 194
9 42 79 130
37 33 28 98
87 83 20 190
23 93 79 195
75 76 94 245
63 61 70 194
66 63 3 132
86 78 7 171
15 54 18 87
30 34 80 144
2 78 11 91
9 3 2 14
52 60 64 176
72 48 21 141
6 97 91 194
75 71 93 239
61 27 21 109
45 64 92 201
83 78 50 211
65 14 50 129
13 52 92 157
75 2 70 147
76 98 5 179
72 57 13 142
52 60 64 176
53 95 68 216
81 67 51 199
11 93 60 164
17 53 40 110
62 68 18 148
59 65 32 156
46 15 6 67
62 11 19 92
74 6 82 162
26 55 9 90
84 7 19 110
0 41 9 50
47 30 21 98
25 17 34 76
6 75 45 126
53 64 12 129
85 23 30 138
55 10 49 114
15 52 46 113
47 82 5 134
4 88 74 166
44 85 33 162
75 9 86 170
63 44 88 195
95 19 38 152
52 5 96 153
90 81 21 192
27 47 88 162
19 81 30 130
73 54 29 156
93 70 84 247
32 23 10 65
79 76 45 200
23 85 20 128
2 1 18 21
86 26 6 118
79 77 8 164
53 25 73 151
27 40 36 103
95 38 84 217
77 8 93 178
88 5 41 134
60 10 85 155
93 78 67 238
52 82 28 162
13 59 6 78
68 48 76 192
48 14 69 131
92 43 35 170
54 84 29 167
29 68 38 135
80 31 0 111
27 85 2 114
53 44 81 178
43 86 51 180
83 31 23 137
25 94 90 209
92 17 14 123
38 81 55 174
47 1 14 62
34 62 80 176
22 95 3 120
64 84 9 157
59 40 57 156
96 5 91 192
87 47 52 186
69 87 3 159
62 81 76 219
0 82 34 116
61 6 29 96
73 64 8 145
32 20 55 107
71 8 87 166
36 9 10 55
93 16 57 166
23 79 66 168
40 11 49 100
46 11 61 118
62 36 84 182
26 8 83 117
17 34 27 78
33 97 62 192
62 93 19 174
17 19 87 123
74 12 62 148
72 47 1 120
62 31 66 159
65 51 57 173
65 46 89 200
27 30 20 77
47 6 73 126
25 35 86 146
62 23 24 109
96 91 56 243
89 73 74 236
77 34 71 182
30 24 32 86
97 17 61 175
17 47 42 106
15 61 84 160
67 43 35 145
56 85 92 233
93 92 56 241
56 12 16 84
54 78 71 203
72 32 53 157
83 4 25 112
28 17 9 54
49 23 53 125
26 97 66 189
6 95 35 136
50 28 39 117
87 42 38 167
16 51 34 101
15 24 21 60
0 32 77 109
38 93 51 182
76 46 85 207
15 59 79 153
57 33 28 118
42 73 29 144
47 29 16 92
48 37 30 115
77 15 36 128
68 59 11 138
19 41 4 64
41 83 69 193
74 68 60 202
52 37 15 104
50 32 48 130
29 48 83 160
33 39 17 89
69 59 45 173
20 9 5 34
73 29 95 197
84 70 68 222
79 4 15 98
44 77 2 123
93 94 15 202
4 44 36 84
82 65 71 218
9 63 95 167
66 40 49 155
91 72 76 239
68 35 44 147
54 12 25 91
8 79 34 121
23 40 72 135
75 62 87 224
33 44 52 129
24 67 27 118
21 64 78 163
25 35 48 108
95 16 53 164
33 89 5 127
56 10 92 158
49 19 51 119
74 93 40 207
24 16 51 91
91 44 64 199
43 84 30 157
23 8 43 74
53 6 86 145
47 19 82 148
3 55 57 115
35 26 15 76
85 47 79 211
26 94 67 187
66 96 57 219
85 74 6 165
81 83 39 203
75 8 86 169
59 83 48 190
55 11 51 117
95 77 39 211
89 19 22 130
83 88 64 235
56 72 58 186
28 13 14 55
54 83 55 192
93 57 6 156
51 52 89 192
43 59 28 130
32 4 58 94
81 24 86 191
36 3 60 99
7 8 95 110
52 19 58 129
13 67 60 140
26 23 81 130
1 40 69 110
54 82 98 234
30 52 88 170
60 82 6 148
19 81 59 159
29 20 28 77
9 74 92 175
37 25 31 93
94 93 84 271
41 69 68 178
82 45 36 163
95 83 69 247
22 36 46 104
13 27 43 83
20 19 30 69
93 90 7 190
52 9 21 82
29 59 12 100
55 86 6 147
85 44 73 202
37 21 58 116
62 40 77 179
32 76 6 114
74 59 34 167
10 57 80 147
78 82 33 193
74 70 3 147
84 38 86 208
94 47 60 201
32 39 86 157
15 23 73 111
57 46 53 156
11 88 34 133
92 95 98 285
66 28 21 115
42 16 24 82
62 91 86 239
7 37 62 106
18 30 9 57
37 34 12 83
64 37 29 130
28 32 24 84
51 88 86 225
80 97 74 251
21 77 19 117
34 53 26 113
30 35 19 84
47 12 51 110
74 69 12 155
9 78 28 115
61 13 75 149
40 47 73 160
73 41 32 146
83 13 41 137
27 55 91 173
17 87 27 131
86 43 29 158
71 26 7 104
91 30 43 164
15 55 76 146
28 89 84 201
7 28 85 120
3 84 56 143
96 31 17 144
71 76 0 147
3 83 59 145
58 74 40 172
18 45 89 152
59 74 37 170
54 18 0 72
93 68 94 255
71 23 30 124
56 77 71 204
39 71 87 197
88 5 32 125
75 3 83 161
14 61 13 88
47 68 25 140
11 56 9 76
82 91 51 224
15 98 84 197
82 9 50 141
9 46 42 97
47 3 29 79
12 3 32 47
53 4 5 62
84 7 96 187
88 13 61 162
41 2 11 54
5 17 18 40
4 81 24 109
14 19 70 103
46 17 36 99
28 95 43 166
84 76 98 258
17 60 73 150
67 87 12 166
83 69 21 173
77 76 3 156
94 83 9 186
69 67 85 221
45 59 70 174
25 90 49 164
34 62 39 135
94 35 17 146
18 59 68 145
5 15 17 37
73 0 84 157
69 24 25 118
28 68 42 138
19 32 0 51
68 91 85 244
27 8 58 93
81 34 46 161
28 59 43 130
47 0 43 90
30 90 92 212
13 11 62 86
8 61 0 69
10 21 80 111
34 69 26 129
69 61 15 145
80 34 49 163
26 40 83 149
46 12 41 99
47 65 49 161
81 45 90 216
0 45 41 86
35 39 19 93
35 59 76 170
47 76 20 143
35 11 56 102
85 89 37 211
46 90 98 234
90 64 51 205
15 58 14 87
64 13 17 94
22 92 82 196
53 91 73 217
87 22 63 172
28 36 45 109
56 43 70 169
89 38 20 147
96 76 88 260
17 52 3 72
67 49 75 191
72 77 55 204
32 82 22 136
21 25 60 106
78 28 9 115
37 25 88 150
82 51 24 157
92 50 55 197
73 30 34 137
51 4 94 149
43 64 4 111
62 94 23 179
54 44 20 118
92 69 87 248
29 24 40 93
86 74 16 176
38 73 2 113
65 50 48 163
34 98 74 206
84 28 92 204
3 87 6 96
13 5 33 51
51 63 2 116
25 51 53 129
91 13 85 189
27 48 57 132
91 21 48 160
70 75 79 224
27 50 18 95
74 54 7 135
19 67 75 161
91 55 1 147
87 1 40 128
76 62 9 147
33 39 75 147
96 47 90 233
1 43 76 120
56 26 15 97
50 34 52 136
39 36 40 115
65 97 96 258
44 87 79 210
86 84 38 208
66 14 59 139
27 78 91 196
73 97 22 192
6 16 22 44
16 97 53 166
47 30 79 156
90 17 84 191
19 14 20 53
93 65 27 185
30 79 39 148
97 40 6 143
55 4 40 99
78 40 62 180
70 57 21 148
5 46 56 107
95 32 72 199
11 19 48 78
35 13 19 67
67 42 4 113
6 98 1 105
8 91 67 166
10 93 61 164
37 33 35 105
62 29 82 173
17 30 20 67
45 47 6 98
91 39 47 177
45 3 1 49
41 83 78 202
20 65 8 93
15 13 53 81
56 35 25 116
59 47 83 189
73 42 21 136
93 42 54 189
74 27 57 158
33 67 44 144
51 72 1 124
32 79 77 188
14 35 81 130
85 89 63 237
32 90 54 176
56 91 55 202
37 85 25 147
41 95 11 147
71 89 69 229
51 72 96 219
19 73 74 166
59 80 12 151
13 7 25 45
24 71 89 184
58 79 87 224
76 12 59 147
62 30 50 142
43 42 94 179
78 58 97 233
54 73 48 175
82 67 29 178
76 1 41 118
60 52 69 181
19 14 76 109
38 44 20 102
42 54 50 146
66 12 31 109
19 79 1 99
92 39 87 218
18 94 87 199
98 72 32 202
62 70 0 132
42 74 59 175
86 22 87 195
46 84 63 193
93 41 46 180
12 16 32 60
44 4 58 106
76 22 66 164
66 53 59 178
79 65 58 202
28 30 90 148
41 65 26 132
44 74 39 157
4 88 83 175
32 6 60 98
17 60 48 125
86 39 57 182
21 58 77 156
13 44 82 139
28 79 25 132
35 79 94 208
35 16 23 74
58 85 69 212
18 43 21 82
32 6 20 58
36 30 17 83
80 66 4 150
47 63 43 153
4 36 2 42
10 15 56 81
80 59 17 156
16 3 38 57
16 84 70 170
74 4 56 134
2 9 16 27
33 84 21 138
27 72 17 116
76 13 87 176
35 10 37 82
32 4 59 95
16 34 98 148
72 86 73 231
72 45 40 157
98 92 15 205
61 37 40 138
72 59 42 173
97 67 30 194
93 55 67 215
86 71 51 208
20 13 8 41
64 9 95 168
59 32 87 178
7 77 57 141
66 46 94 206
74 63 12 149
89 22 28 139
75 5 69 149
88 49 58 195
71 52 56 179
47 75 89 211
8 73 23 104
22 4 18 44
91 78 38 207
11 13 85 109
60 98 50 208
37 29 80 146
15 32 98 145
68 18 15 101
67 17 11 95
71 61 3 135
61 32 98 191
85 76 23 184
35 42 88 165
18 17 58 93
66 23 96 185
26 80 75 181
44 9 47 100
90 95 92 277
50 76 96 222
86 36 69 191
21 3 27 51
10 50 4 64
71 20 59 150
8 27 15 50
39 70 82 191
58 13 22 93
78 35 21 134
13 55 36 104
2 27 11 40
1 71 54 126
95 7 17 119
12 76 72 160
40 5 60 105
22 13 28 63
52 23 88 163
64 82 63 209
71 22 26 119
24 72 14 110
22 90 68 180
56 31 11 98
42 81 4 127
21 57 87 165
26 90 7 123
77 4 63 144
86 77 10 173
81 89 71 241
33 54 0 87
57 38 98 193
31 70 7 108
55 21 61 137
5 27 55 87
98 16 94 208
35 51 46 132
21 81 25 127
30 20 13 63
96 95 92 283
8 28 68 104
87 76 10 173
47 27 53 127
34 22 84 140
0 64 95 159
66 82 33 181
86 75 57 218
78 67 43 188
87 15 63 165
61 64 77 202
87 23 1 111
20 64 43 127
19 76 94 189
90 32 4 126
5 72 60 137
29 64 32 125
21 28 7 56
87 49 7 143
38 15 66 119
29 5 8 42
80 16 0 96
97 63 4 164
54 95 27 176
63 74 89 226
11 2 4 17
98 36 2 136
83 39 92 214
86 72 90 248
12 11 19 42
58 21 59 138
85 70 73 228
59 17 5 81
79 15 14 108
24 5 34 63
35 1 81 117
73 96 48 217
17 95 10 122
64 9 52 125
34 37 44 115
43 79 6 128
58 92 41 191
81 92 61 234
73 68 15 156
26 98 14 138
84 32 1 117
22 1 40 63
16 94 6 116
54 86 55 195
61 65 71 197
93 89 78 260
32 22 16 70
67 63 81 211
64 49 98 211
25 31 17 73
74 1 69 144
77 2 70 149
35 7 0 42
82 89 8 179
11 91 13 115
49 45 74 168
0 94 62 156
41 52 61 154
98 77 83 258
71 4 34 109
95 35 62 192
79 16 10 105
72 67 35 174
55 10 17 82
41 67 24 132
92 71 21 184
3 93 49 145
60 62 69 191
59 45 36 140
86 25 4 115
91 20 13 124
88 9 49 146
29 60 40 129
47 40 43 130
96 68 83 247
45 87 23 155
5 90 72 167
0 90 11 101
70 14 11 95
37 74 75 186
11 32 49 92
43 97 87 227
62 46 17 125
27 32 63 122
41 97 93 231
3 72 61 136
92 64 25 181
87 24 1 112
20 54 36 110
9 11 23 43
84 5 51 140
43 44 33 120
32 3 14 49
98 82 73 253
72 74 5 151
57 75 34 166
14 80 31 125
93 23 13 129
59 79 25 163
6 56 52 114
92 86 55 233
77 47 30 154
40 84 13 137
51 12 53 116
76 94 28 198
35 3 33 71
78 59 41 178
57 18 98 173
80 1 16 97
17 77 6 100
45 61 77 183
94 42 77 213
32 48 27 107
79 28 98 205
53 6 5 64
47 67 98 212
93 57 86 236
82 81 49 212
29 93 42 164
12 8 25 45
89 95 47 231
85 76 48 209
60 67 97 224
89 37 36 162
26 34 47 107
89 12 64 165
10 77 89 176
86 48 75 209
94 39 21 154
2 5 38 45
3 9 12 24
32 89 29 150
75 87 59 221
5 30 27 62
17 25 9 51
61 62 0 123
0 86 39 125
31 82 5 118
34 12 21 67
38 9 83 130
24 47 79 150
72 23 40 135
73 13 58 144
90 96 2 188
17 9 41 67
54 72 94 220
20 83 11 114
17 56 37 110
84 19 13 116
80 70 0 150
14 55 18 87
87 10 28 125
51 83 49 183
68 62 2 132
31 64 89 184
74 57 90 221
23 13 47 83
80 25 43 148
71 7 91 169
77 56 40 173
0 32 48 80
21 2 10 33
2 90 78 170
84 50 70 204
19 33 50 102
88 61 86 235
14 70 25 109
96 18 27 141
23 67 20 110
60 53 51 164
81 47 13 141
44 63 14 121
0 84 15 99
57 6 75 138
48 42 82 172
55 94 91 240
88 10 12 110
24 8 66 98
47 20 55 122
82 6 74 162
38 71 60 169
41 34 56 131
33 61 69 163
46 55 40 141
10 95 58 163
75 71 41 187
94 36 54 184
57 37 67 161
24 56 98 178
9 81 17 107
28 51 23 102
75 13 91 179
37 73 65 175
31 88 34 153
49 76 9 134
54 6 0 60
10 65 31 106
61 18 39 118
65 4 34 103
16 45 80 141
24 0 27 51
69 0 26 95
94 15 68 177
17 55 22 94
16 67 83 166
86 51 57 194
0 76 69 145
25 73 80 178
10 30 98 138
17 38 11 66
33 92 47 172
86 84 40 210
20 11 50 81
79 5 98 182
74 93 64 231
70 15 21 106
52 81 55 188
26 91 44 161
80 50 36 166
16 96 13 125
66 34 17 117
18 20 35 73
67 18 86 171
48 14 98 160
52 73 51 176
61 36 7 104
33 97 67 197
87 58 1 146
34 78 46 158
81 74 84 239
28 25 26 79
5 38 39 82
24 64 2 90
66 74 0 140
59 2 87 148
21 78 96 195
91 76 75 242
0 55 42 97
38 22 67 127
29 23 85 137
22 17 13 52
17 48 52 117
42 38 21 101
67 41 4 112
1 49 63 113
75 90 73 238
70 67 82 219
15 69 94 178
24 52 6 82
21 60 32 113
47 86 90 223
84 71 97 252
83 60 92 235
87 41 98 226
19 79 50 148
78 27 77 182
53 95 75 223
80 48 24 152
37 1 6 44
37 79 66 182
41 44 82 167
67 73 63 203
70 43 49 162
70 83 17 170
37 3 83 123
47 84 2 133
53 83 41 177
35 22 67 124
53 54 38 145
92 48 97 237
14 49 19 82
94 20 23 137
64 74 2 140
52 15 11 78
57 31 27 115
18 75 65 158
36 28 55 119
53 66 36 155
68 25 70 163
93 58 15 166
80 57 75 212
15 77 5 97
96 36 63 195
81 62 92 235
79 51 86 216
27 73 25 125
56 45 79 180
39 2 64 105
59 8 33 100
40 20 35 95
66 28 79 173
8 61 36 105
42 39 92 173
85 80 61 226
23 84 14 121
46 9 59 114
16 27 98 141
61 56 94 211
32 6 49 87
17 46 22 85
35 56 45 136
88 6 42 136
12 10 11 33
80 66 57 203
91 48 72 211
56 84 19 159
55 37 48 140
62 31 18 111
14 27 8 49
24 43 42 109
28 42 54 124
8 70 94 172
63 73 31 167
26 46 90 162
38 71 80 189
70 8 54 132
88 95 9 192
53 72 96 221
32 72 81 185
84 94 88 266
33 60 18 111
0 2 4 6
7 37 9 53
17 40 1 58
84 0 80 164
53 51 37 141
69 15 40 124
47 11 31 89
6 74 46 126
40 6 74 120
47 77 12 136
8 12 42 62
65 19 37 121
28 83 33 144
31 37 49 117
79 17 81 177
52 33 78 163
59 78 74 211
80 24 77 181
57 4 9 70
55 91 22 168
1 44 71 116
75 97 46 218
57 88 73 218
33 98 44 175
96 8 36 140
25 30 38 93
33 47 68 148
30 72 61 163
84 71 50 205
7 6 54 67
3 55 40 98
3 23 68 94
48 14 77 139
91 4 58 153
9 80 42 131
35 34 21 90
97 40 74 211
12 83 88 183
85 11 37 133
37 12 9 58
24 90 78 192
53 49 54 156
45 49 20 114
73 7 90 170
77 14 51 142
55 97 42 194
90 76 55 221
55 22 50 127
1 86 90 177
21 70 77 168
50 96 54 200
86 89 87 262
34 22 61 117
74 24 64 162
50 90 74 214
14 58 42 114
22 53 47 122
33 84 23 140
31 10 73 114
78 13 63 154
20 12 87 119
56 58 31 145
91 8 78 177
20 98 30 148
27 77 44 148
26 6 92 124
30 32 26 88
41 66 59 166
44 16 48 108
38 25 39 102
61 35 15 111
43 49 31 123
54 4 14 72
48 54 95 197
54 83 67 204
68 86 76 230
3 27 2 32
52 75 56 183
46 52 93 191
34 17 74 125
55 39 5 99
38 5 60 103
23 61 28 112
36 33 37 106
85 18 47 150
74 66 34 174
64 51 53 168
65 54 56 175
69 51 19 139
34 23 98 155
7 97 51 155
3 12 86 101
60 44 40 144
53 39 84 176
12 33 9 54
30 67 0 97
30 46 23 99
60 16 83 159
21 96 17 134
23 91 34 148
26 19 1 46
82 30 66 178
69 47 52 168
84 1 85 170
24 7 42 73
82 81 32 195
78 68 48 194
92 12 79 183
12 41 84 137
22 53 47 122
84 18 26 128
77 98 95 270
33 24 56 113
5 30 60 95
73 11 36 120
4 43 15 62
47 21 49 117
29 53 83 165
17 73 66 156
86 12 22 120
10 4 67 81
44 69 25 138
61 56 89 206
13 63 82 158
66 15 46 127
70 44 10 124
39 59 84 182
73 69 51 193
31 77 66 174
26 29 14 69
3 70 76 149
76 66 39 181
97 74 64 235
34 49 78 161
28 48 86 162
90 78 70 238
14 88 47 149
60 91 93 244
75 48 47 170
53 39 82 174
26 27 8 61
73 54 38 165
13 53 47 113
51 26 19 96
53 70 18 141
70 16 83 169
53 51 26 130
5 14 39 58
18 81 48 147
63 90 66 219
30 28 29 87
95 81 16 192
27 33 9 69
39 30 48 117
73 58 93 224
80 31 36 147
86 23 8 117
2 95 66 163
33 43 60 136
55 14 48 117
18 42 81 141
83 35 14 132
59 61 71 191
61 87 3 151
34 31 26 91
8 66 28 102
46 71 30 147
95 68 30 193
34 44 72 150
58 1 22 81
82 88 55 225
3 50 41 94
15 73 82 170
97 61 45 203
62 78 97 237
26 0 34 60
25 28 12 65
80 59 10 149
21 28 78 127
45 13 39 97
91 33 43 167
91 82 50 223
40 75 26 141
39 69 82 190
48 6 5 59
55 67 9 131
28 69 79 176
10 71 42 123
71 80 40 191
21 94 86 201
57 55 54 166
45 1 63 109
83 0 10 93
2 17 37 56
44 43 85 172
12 86 69 167
48 37 23 108
44 55 72 171
28 7 77 112
8 24 96 128
76 48 14 138
66 61 7 134
56 9 63 128
87 70 75 232
58 60 44 162
68 14 18 100
66 20 71 157
97 42 40 179
56 94 47 197
58 28 85 171
93 95 97 285
1 59 73 133
79 97 92 268
39 27 71 137
62 28 84 174
16 56 78 150
64 44 69 177
98 66 22 186
41 6 17 64
50 21 59 130
54 50 94 198
51 94 16 161
93 37 77 207
29 46 72 147
30 35 87 152
24 55 81 160
63 29 9 101
12 13 24 49
20 31 9 60
53 72 40 165
29 46 30 105
52 48 19 119
69 68 67 204
38 41 22 101
98 86 59 243
40 30 18 88
28 31 95 154
40 29 50 119
28 83 34 145
70 44 29 143
81 85 13 179
80 21 16 117
84 3 48 135
66 81 25 172
83 96 30 209
63 26 79 168
59 41 84 184
41 81 34 156
36 88 77 201
50 67 18 135
86 26 8 120
78 90 94 262
57 90 28 175
22 68 62 152
9 96 3 108
32 88 22 142
67 21 97 185
30 25 49 104
51 88 8 147
3 91 52 146
60 18 50 128
71 44 27 142
73 90 84 247
97 62 40 199
49 59 36 144
94 17 37 148
2 82 71 155
24 79 82 185
69 22 53 144
83 24 5 112
12 19 42 73
17 76 72 165
49 9 19 77
84 0 73 157
70 41 45 156
89 68 76 233
12 11 26 49
32 10 44 86
18 95 20 133
14 18 22 54
82 65 37 184
31 32 54 117
56 94 19 169
59 72 31 162
23 34 94 151
2 33 46 81
5 12 18 35
18 13 94 125
24 39 13 76
72 95 44 211
19 94 60 173
75 45 11 131
34 9 0 43
92 44 15 151
57 0 2 59
3 31 46 80
6 98 2 106
96 16 55 167
11 87 24 122
86 21 82 189
41 69 11 121
68 18 13 99
16 86 18 120
69 98 57 224
7 44 54 105
7 68 59 134
38 94 20 152
48 80 87 215
60 40 12 112
19 48 55 122
68 41 78 187
4 50 33 87
72 66 59 197
59 92 62 213
80 66 52 198
8 66 93 167
83 10 32 125
1 98 63 162
47 5 77 129
49 94 92 235
5 94 43 142
98 79 23 200
39 45 66 150
84 42 93 219
40 44 84 168
53 12 32 97
85 76 47 208
50 56 6 112
46 43 37 126
49 9 31 89
49 37 11 97
12 96 41 149
21 25 52 98
87 88 4 179
52 51 77 180
34 32 31 97
94 21 64 179
23 19 69 111
95 54 4 153
22 16 39 77
81 66 5 152
3 89 1 93
97 4 70 171
70 52 63 185
7 61 67 135
97 62 83 242
19 39 8 66
11 50 3 64
88 13 18 119
14 77 61 152
32 24 66 122
16 19 5 40
79 54 41 174
83 89 97 269
12 59 65 136
44 31 0 75
39 63 96 198
16 47 49 112
64 32 36 132
54 68 14 136
7 8 96 111
67 49 75 191
98 87 47 232
52 28 47 127
67 24 2 93
86 61 0 147
32 38 29 99
34 79 45 158
71 59 88 218
5 37 45 87
85 93 46 224
84 38 45 167
75 42 5 122
87 45 96 228
73 29 35 137
61 50 40 151
48 13 38 99
95 31 35 161
29 95 43 167
52 56 1 109
68 96 3 167
13 64 62 139
77 14 3 94
21 34 83 138
62 82 84 228
25 27 1 53
52 54 18 124
58 44 67 169
77 32 54 163
13 77 6 96
80 75 3 158
14 48 1 63
31 46 45 122
20 82 59 161
38 0 17 55
62 41 50 153
81 45 83 209
86 41 43 170
60 73 49 182
58 78 36 172
25 12 52 89
75 93 35 203
29 79 3 111
52 77 60 189
2 78 84 164
70 34 20 124
17 34 91 142
40 66 38 144
48 23 82 153
73 44 85 202
85 26 54 165
76 29 78 183
59 55 36 150
47 44 23 114
26 73 85 184
10 15 87 112
56 95 29 180
41 18 14 73
24 62 97 183
72 29 1 102
73 7 51 131
86 33 18 137
57 97 49 203
3 75 67 145
63 88 44 195
74 41 45 160
52 20 97 169
64 86 34 184
51 40 91 182
9 84 0 93
66 51 86 203
86 78 76 240
61 5 98 164
40 43 53 136
97 44 50 191
59 33 30 122
38 22 28 88
23 66 94 183
60 80 24 164
27 50 67 144
31 41 75 147
52 9 82 143
70 90 5 165
57 44 35 136
75 58 36 169
2 0 6 8
40 33 42 115
16 87 76 179
81 9 82 172
25 38 2 65
17 49 91 157
48 30 23 101
53 71 79 203
79 81 77 237
27 83 18 128
52 42 75 169
30 31 4 65
94 97 8 199
41 26 80 147
46 32 21 99
16 10 62 88
24 80 8 112
40 33 44 117
27 69 8 104
32 10 53 95
0 50 39 89
34 21 82 137
93 77 17 187
83 33 79 195
8 29 75 112
39 45 7 91
32 65 80 177
78 34 16 128
51 35 79 165
38 95 46 179
88 64 55 207
78 24 70 172
12 49 91 152
57 4 11 72
45 0 32 77
11 54 51 116
6 75 8 89
23 98 68 189
97 68 42 207
20 40 25 85
71 5 34 110
95 6 47 148
13 69 89 171
86 13 72 171
45 21 4 70
29 0 32 61
12 83 31 126
46 78 26 150
12 6 80 98
3 69 50 122
61 73 87 221
9 86 41 136
80 40 75 195
28 39 35 102
15 1 73 89
30 69 49 148
3 19 39 61
89 70 83 242
28 30 34 92
43 42 44 129
5 73 35 113
53 62 91 206
37 31 7 75
49 65 79 193
43 22 79 144
24 52 51 127
54 80 7 141
30 40 66 136
62 52 67 181
45 47 4 96
38 76 48 162
35 40 0 75
49 78 64 191
38 63 96 197
88 66 65 219
87 13 77 177
90 17 49 156
93 20 64 177
98 10 34 142
47 63 27 137
1 72 22 95
27 13 55 95
62 81 14 157
78 4 9 91
3 11 36 50
40 57 8 105
55 19 74 148
60 95 91 246
53 79 87 219
25 41 13 79
86 0 37 123
57 88 74 219
55 77 51 183
67 21 47 135
39 74 6 119
35 3 53 91
67 10 70 147
69 95 92 256
2 23 36 61
52 31 79 162
48 42 0 90
58 64 8 130
2 16 98 116
8 50 30 88
75 25 82 182
78 75 53 206
45 85 52 182
97 15 32 144
18 91 16 125
35 7 18 60
3 90 27 120
10 4 84 98
13 93 52 158
33 29 78 140
84 81 2 167
4 95 63 162
37 2 47 86
17 23 78 118
96 76 20 192
41 69 39 149
16 2 77 95
57 17 59 133
44 61 12 117
8 61 3 72
22 14 59 95
69 76 71 216
53 3 25 81
8 22 69 99
47 90 57 194
27 96 94 217
71 84 40 195
83 18 66 167
26 27 18 71
25 2 94 121
42 24 17 83
68 1 64 133
69 75 29 173
69 76 86 231
39 79 72 190
83 6 42 131
97 75 55 227
47 7 69 123
13 4 69 86
50 69 80 199
56 2 58 116
94 52 3 149
10 70 82 162
90 73 6 169
98 80 90 268
79 1 20 100
53 97 98 248
84 20 92 196
48 87 71 206
4 43 48 95
9 45 77 131
33 50 49 132
76 22 33 131
27 13 94 134
80 24 8 112
64 26 0 90
85 11 13 109
62 31 9 102
24 58 38 120
55 94 2 151
76 93 62 231
84 71 78 233
96 63 90 249
61 96 1 158
6 12 23 41
91 30 16 137
48 97 70 215
82 94 6 182
40 48 2 90
94 95 83 272
97 33 64 194
66 43 49 158
19 48 68 135
17 90 11 118
12 67 87 166
74 90 81 245
58 45 98 201
68 42 59 169
36 80 82 198
49 45 28 122
7 52 66 125
62 24 35 121
12 53 50 115
93 86 27 206
12 66 90 168
89 22 86 197
38 40 65 143
86 96 31 213
42 3 10 55
63 42 76 181
68 67 16 151
51 93 36 180
44 59 73 176
62 69 74 205
68 26 52 146
27 22 40 89
9 98 17 124
3 41 35 79
37 67 94 198
26 92 56 174
18 73 25 116
9 3 43 55
18 92 66 176
44 25 90 159
30 90 18 138
42 53 94 189
2 45 37 84
82 51 81 214
9 34 37 80
9 10 49 68
61 87 17 165
34 14 76 124
30 40 85 155
14 30 67 111
69 11 44 124
62 30 40 132
40 66 69 175
46 24 37 107
6 52 84 142
91 89 16 196
40 25 93 158
61 60 50 171
66 68 7 141
68 45 22 135
12 57 38 107
46 52 63 161
94 76 95 265
78 5 47 130
67 32 24 123
89 96 85 270
61 66 98 225
81 10 35 126
4 17 63 84
12 16 10 38
79 61 45 185
75 65 29 169
66 75 16 157
15 33 81 129
88 80 4 172
25 56 58 139
87 66 2 155
44 67 94 205
3 72 86 161
71 41 0 112
18 47 11 76
91 82 32 205
25 79 60 164
88 78 75 241
94 21 36 151
21 10 60 91
96 9 86 191
64 13 51 128
28 47 4 79
55 53 9 117
15 85 36 136
14 70 19 103
85 73 20 178
28 4 95 127
56 38 48 142
61 44 77 182
20 88 71 179
80 9 59 148
96 98 85 279
22 5 59 86
1 17 41 59
35 17 6 58
71 27 41 139
44 24 17 85
28 25 1 54
70 81 93 244
35 51 92 178
49 38 42 129
85 93 8 186
63 83 43 189
40 35 97 172
26 65 56 147
74 91 70 235
18 30 8 56
5 69 9 83
79 52 46 177
13 76 88 177
19 87 30 136
43 42 60 145
32 2 45 79
19 17 45 81
16 33 45 94
22 63 84 169
62 60 93 215
17 75 51 143
55 16 62 133
43 66 60 169
47 79 17 143
41 27 24 92
21 38 31 90
98 89 96 283
73 3 10 86
11 72 96 179
49 35 88 172
13 95 38 146
43 98 16 157
38 9 75 122
32 42 7 81
32 94 16 142
0 5 14 19
51 29 21 101
92 25 73 190
87 52 12 151
6 12 58 76
48 92 44 184
95 73 69 237
26 73 64 163
80 75 55 210
79 21 13 113
69 14 12 95
61 21 0 82
23 37 14 74
75 28 12 115
20 13 46 79
22 54 38 114
30 83 21 134
42 69 21 132
62 0 6 68
80 82 92 254
65 13 15 93
84 87 58 229
29 84 53 166
3 57 71 131
39 15 71 125
52 76 23 151
57 81 21 159
78 48 41 167
12 66 70 148
19 80 26 125
9 84 43 136
49 23 62 134
67 47 50 164
58 20 49 127
7 74 9 90
26 10 43 79
4 7 68 79
78 94 41 213
5 47 85 137
6 72 79 157
20 61 35 116
83 48 34 165
71 29 36 136
10 1 50 61
23 95 40 158
23 38 79 140
16 43 73 132
75 24 69 168
9 11 77 97
89 5 0 94
35 63 9 107
28 7 51 86
68 41 57 166
85 79 0 164
9 21 29 59
1 55 32 88
27 16 78 121
1 12 94 107
55 11 97 163
89 48 33 170
52 26 17 95
37 4 22 63
46 52 74 172
3 79 78 160
0 39 12 51
9 74 71 154
2 62 86 150
44 83 87 214
27 82 61 170
85 35 16 136
25 19 60 104
54 37 47 138
28 21 12 61
94 53 68 215
6 15 77 98
75 20 42 137
82 4 13 99
71 79 31 181
92 54 64 210
56 7 15 78
21 66 61 148
52 48 78 178
54 14 50 118
69 58 63 190
94 39 43 176
10 44 81 135
43 38 5 86
35 3 19 57
69 20 53 142
96 84 51 231
17 10 54 81
97 41 50 188
4 32 84 120
27 61 35 123
28 9 17 54
26 93 87 206
71 95 90 256
78 64 42 184
73 75 6 154
66 96 67 229
52 83 24 159
68 17 60 145
35 55 36 126
27 52 22 101
19 53 42 114
56 12 48 116
88 46 55 189
98 81 7 186
3 0 24 27
33 55 44 132
6 23 83 112
47 22 76 145
89 54 88 231
89 53 47 189
52 35 96 183
89 9 62 160
57 5 29 91
23 62 1 86
54 60 88 202
61 84 36 181
31 90 27 148
32 17 7 56
2 68 36 106
85 15 13 113
61 90 32 183
37 68 39 144
44 58 78 180
78 40 22 140
80 79 22 181
87 8 46 141
64 54 12 130
3 50 73 126
7 31 42 80
70 75 73 218
43 11 50 104
93 64 76 233
15 74 68 157
55 11 62 128
98 64 51 213
11 93 96 200
47 74 59 180
57 5 92 154
19 2 31 52
80 63 18 161
27 74 15 116
86 78 74 238
2 18 73 93
43 71 52 166
49 67 25 141
24 35 63 122
11 3 83 97
64 14 29 107
22 4 9 35
20 69 62 151
59 22 64 145
49 28 26 103
91 80 59 230
3 42 35 80
98 38 79 215
89 36 24 149
76 74 92 242
70 74 47 191
26 33 38 97
85 32 68 185
72 23 9 104
94 33 79 206
7 97 33 137
50 4 78 132
28 50 87 165
43 21 90 154
0 82 88 170
65 1 69 135
74 85 87 246
25 68 76 169
8 67 70 145
46 66 35 147
80 46 77 203
96 1 8 105
73 98 80 251
59 65 67 191
43 50 14 107
70 98 58 226
30 76 94 200
30 25 13 68
81 30 5 116
68 18 61 147
54 10 84 148
93 49 85 227
84 66 73 223
82 83 4 169
60 25 32 117
68 33 80 181
67 98 55 220
54 4 71 129
33 15 86 134
70 53 27 150
71 41 6 118
19 35 58 112
93 75 52 220
12 71 3 86
34 16 70 120
72 21 70 163
98 79 48 225
30 96 12 138
57 63 56 176
7 0 89 96
45 10 16 71
63 25 22 110
45 44 3 92
30 68 74 172
24 67 11 102
21 64 48 133
23 66 38 127
44 53 17 114
81 42 80 203
36 61 21 118
97 79 36 212
34 89 29 152
61 19 31 111
92 2 22 116
19 70 2 91
0 56 58 114
20 2 6 28
37 80 10 127
34 98 55 187
60 47 86 193
24 69 9 102
40 33 23 96
72 17 54 143
51 35 18 104
9 72 56 137
3 46 42 91
41 5 81 127
23 94 53 170
73 80 69 222
11 42 72 125
87 47 40 174
18 35 31 84
44 98 74 216
74 69 54 197
21 91 33 145
3 42 8 53
27 1 98 126
80 6 7 93
1 34 36 71
46 9 74 129
91 58 20 169
14 29 54 97
4 36 97 137
12 53 62 127
42 6 96 144
22 50 79 151
93 16 19 128
3 86 73 162
36 12 97 145
26 92 53 171
44 36 86 166
23 43 47 113
31 81 66 178
16 68 17 101
31 41 42 114
13 22 10 45
7 40 62 109
63 12 91 166
5 86 38 129
20 38 85 143
56 95 37 188
77 84 14 175
92 98 48 238
93 54 4 151
10 75 42 127
25 81 83 189
6 62 13 81
60 42 73 175
32 45 50 127
2 13 66 81
80 46 72 198
2 61 32 95
95 2 14 111
83 89 47 219
12 22 56 90
67 47 28 142
10 70 7 87
87 72 12 171
45 52 16 113
28 66 84 178
55 18 56 129
67 88 47 202
20 1 25 46
5 93 77 175
57 79 22 158
3 73 67 143
5 96 60 161
88 86 87 261
46 88 89 223
35 90 58 183
58 46 67 171
86 82 80 248
82 58 10 150
6 4 96 106
16 80 24 120
34 15 46 95
98 22 29 149
50 40 67 157
93 79 72 244
59 97 51 207
48 94 85 227
36 50 66 152
32 61 73 166
75 84 23 182
52 70 73 195
82 44 5 131
35 25 68 128
68 18 26 112
50 63 15 128
91 77 5 173
26 2 63 91
78 5 34 117
97 40 2 139
75 48 52 175
33 0 9 42
1 86 4 91
4 63 72 139
65 14 76 155
27 36 54 117
56 8 25 89
55 89 57 201
96 92 51 239
15 55 63 133
61 97 39 197
90 33 75 198
98 4 26 128
71 67 55 193
73 80 71 224
3 65 96 164
79 60 53 192
19 2 34 55
55 11 9 75
82 76 5 163
81 11 76 168
54 60 64 178
60 15 4 79
69 78 33 180
42 85 19 146
95 10 59 164
67 75 91 233
33 66 52 151
16 72 38 126
41 34 32 107
55 20 29 104
30 43 17 90
73 4 33 110
77 92 46 215
40 8 1 49
37 24 5 66
5 36 72 113
34 23 69 126
51 77 50 178
22 84 10 116
18 89 28 135
40 60 97 197
63 33 47 143
94 12 42 148
65 47 2 114
56 32 57 145
13 23 32 68
75 48 16 139
95 78 72 245
61 71 2 134
63 89 58 210
44 75 28 147
62 12 63 137
92 41 21 154
39 94 26 159
55 12 60 127
8 37 90 135
95 27 49 171
64 87 92 243
55 27 70 152
43 87 90 220
43 77 11 131
60 39 37 136
4 41 38 83
26 9 51 86
53 85 64 202
97 13 30 140
79 94 97 270
42 26 87 155
90 25 55 170
6 58 66 130
52 56 36 144
6 79 77 162
3 43 19 65
97 26 23 146
89 23 75 187
75 56 77 208
49 27 40 116
35 51 94 180
29 30 81 140
3 34 26 63
33 31 7 71
64 92 44 200
51 54 0 105
86 30 82 198
30 83 26 139
13 49 79 141
79 50 93 222
78 58 77 213
25 10 39 74
35 3 36 74
11 10 65 86
7 91 89 187
18 66 81 165
60 28 16 104
76 84 97 257
87 90 78 255
8 29 57 94
80 82 84 246
18 87 17 122
32 33 93 158
29 69 77 175
84 96 46 226
3 86 60 149
0 76 54 130
13 88 30 131
83 25 66 174
91 65 59 215
80 76 96 252
11 49 79 139
13 52 36 101
63 88 85 236
6 77 48 131
56 8 75 139
45 23 51 119
76 44 1 121
74 34 42 150
13 59 64 136
40 93 39 172
23 92 30 145
30 72 56 158
70 64 87 221
9 30 53 92
88 65 72 225
86 31 77 194
50 68 42 160
52 22 77 151
31 24 91 146
69 14 15 98
4 60 76 140
65 2 72 139
98 50 32 180
54 73 71 198
54 41 27 122
87 78 54 219
74 64 17 155
14 90 47 151
78 58 26 162
17 46 32 95
48 36 94 178
60 18 64 142
40 26 11 77
70 30 56 156
26 82 60 168
89 9 86 184
83 67 62 212
81 24 0 105
37 94 71 202
56 86 58 200
6 81 10 97
79 51 61 191
26 40 17 83
12 79 35 126
21 52 43 116
16 53 11 80
80 1 17 98
53 69 17 139
73 46 77 196
39 22 89 150
46 21 84 151
37 83 2 122
8 69 5 82
12 90 78 180
14 5 98 117
34 49 71 154
4 82 56 142
61 63 29 153
62 74 77 213
36 39 73 148
87 36 52 175
29 28 22 79
24 48 98 170
20 29 30 79
79 87 31 197
19 54 75 148
57 8 86 151
60 80 5 145
98 43 34 175
30 98 50 178
52 85 38 175
95 84 78 257
68 46 98 212
82 28 8 118
83 19 15 117
75 11 18 104
19 76 48 143
11 1 53 65
93 85 39 217
28 15 74 117
51 36 57 144
27 38 85 150
2 48 50 100
14 68 95 177
50 59 3 112
32 51 30 113
23 78 45 146
50 56 43 149
62 57 19 138
75 22 81 178
30 85 69 184
8 93 61 162
94 28 81 203
49 6 30 85
53 34 82 169
23 44 10 77
54 89 88 231
51 13 94 158
11 95 12 118
48 68 50 166
53 14 20 87
53 62 33 148
68 70 71 209
52 31 38 121
65 58 72 195
15 75 88 178
23 19 86 128
33 26 30 89
94 73 72 239
58 73 55 186
31 85 41 157
23 29 39 91
33 42 55 130
79 28 63 170
66 47 0 113
16 67 42 125
37 55 0 92
74 27 43 144
6 24 49 79
30 60 74 164
84 78 38 200
92 6 5 103
53 93 50 196
30 49 44 123
74 72 59 205
95 19 26 140
7 64 11 82
84 79 23 186
80 26 32 138
37 48 33 118
81 90 55 226
77 27 93 197
44 23 73 140
54 12 3 69
90 53 70 213
46 91 80 217
76 56 4 136
63 35 12 110
39 84 31 154
98 91 29 218
76 2 35 113
7 23 14 44
5 43 84 132
73 20 39 132
31 90 27 148
86 10 97 193
48 50 73 171
71 93 34 198
46 27 34 107
38 33 20 91
9 35 94 138
82 63 13 158
70 16 27 113
98 31 74 203
81 26 63 170
69 40 90 199
94 47 96 237
45 44 4 93
8 74 91 173
19 69 73 161
69 52 6 127
68 86 54 208
22 33 83 138
49 67 43 159
74 13 89 176
54 80 37 171
45 2 74 121
33 34 73 140
66 14 38 118
85 20 42 147
89 21 10 120
57 80 77 214
41 44 31 116
84 37 16 137
5 25 23 53
56 1 75 132
0 33 85 118
53 40 30 123
58 14 68 140
21 80 68 169
13 53 35 101
26 48 60 134
24 10 51 85
70 40 33 143
60 55 75 190
54 24 26 104
96 15 2 113
87 36 96 219
2 54 94 150
72 76 24 172
41 42 15 98
75 78 30 183
31 81 59 171
39 56 41 136
4 66 64 134
72 75 10 157
18 25 7 50
62 2 83 147
82 20 83 185
10 73 9 92
97 55 39 191
75 97 71 243
81 93 88 262
2 53 83 138
89 66 87 242
53 98 12 163
13 26 51 90
14 36 38 88
76 51 70 197
31 74 77 182
64 65 82 211
74 72 68 214
87 14 93 194
65 46 50 161
47 68 60 175
23 47 63 133
17 67 97 181
34 13 81 128
3 63 28 94
64 78 12 154
25 27 96 148
17 20 40 77
76 68 33 177
39 23 19 81
21 17 95 133
16 62 80 158
30 41 3 74
88 27 61 176
9 97 79 185
97 3 27 127
58 89 41 188
0 78 29 107
75 43 96 214
45 80 93 218
4 37 42 83
56 48 80 184
56 1 34 91
42 45 53 140
0 88 52 140
13 38 72 123
76 55 12 143
49 26 27 102
30 15 77 122
72 47 10 129
39 6 5 50
54 14 22 90
14 40 13 67
34 74 51 159
50 20 21 91
73 49 10 132
86 72 87 245
79 64 65 208
61 46 97 204
73 75 16 164
25 2 71 98
6 21 78 105
36 83 13 132
48 5 12 65
56 17 68 141
23 5 78 106
13 80 84 177
37 14 98 149
13 47 4 64
10 32 52 94
47 32 57 136
37 15 38 90
70 89 11 170
25 23 72 120
2 38 20 60
90 50 14 154
53 29 74 156
7 9 59 75
61 59 57 177
71 54 60 185
2 39 46 87
62 32 53 147
23 49 92 164
19 83 0 102
5 6 94 105
97 30 4 131
74 12 75 161
52 17 75 144
44 79 9 132
83 11 27 121
9 15 44 68
28 66 70 164
47 8 22 77
26 43 11 80
1 35 58 94
56 57 44 157
75 16 77 168
43 68 34 145
85 87 42 214
77 24 33 134
66 51 44 161
21 15 27 63
34 77 44 155
7 53 71 131
35 79 72 186
92 87 4 183
53 4 96 153
60 28 7 95
6 81 75 162
65 9 10 84
75 27 76 178
96 25 74 195
92 80 74 246
53 4 38 95
56 6 59 121
98 51 43 192
18 88 59 165
35 28 48 111
25 27 48 100
57 52 88 197
37 0 30 67
32 51 19 102
71 94 1 166
36 65 20 121
57 56 16 129
26 75 14 115
77 79 86 242
23 15 43 81
55 60 93 208
7 92 85 184
72 85 88 245
8 33 1 42
47 17 89 153
56 50 80 186
2 16 55 73
16 21 92 129
78 9 20 107
72 19 24 115
22 34 77 133
21 19 67 107
69 85 58 212
18 87 90 195
26 10 31 67
36 64 96 196
71 14 78 163
6 92 56 154
6 88 83 177
60 73 93 226
15 8 70 93
24 43 68 135
84 26 20 130
47 25 18 90
97 42 83 222
0 42 98 140
23 68 3 94
51 79 48 178
37 70 69 176
16 0 76 92
91 34 32 157
96 66 28 190
17 53 21 91
65 28 94 187
33 44 39 116
98 49 33 180
4 14 12 30
73 7 72 152
1 7 94 102
51 17 55 123
46 90 0 136
4 6 91 101
17 11 32 60
60 59 20 139
94 74 23 191
4 97 9 110
91 60 78 229
39 18 38 95
90 47 83 220
60 63 47 170
96 41 66 203
62 57 91 210
64 26 42 132
45 31 67 143
60 36 24 120
4 33 26 63
1 78 72 151
97 37 13 147
91 38 95 224
38 43 44 125
27 35 97 159
44 97 84 225
27 62 77 166
89 93 15 197
55 31 63 149
44 34 21 99
70 1 19 90
0 41 62 103
60 36 37 133
36 86 68 190
78 47 81 206
97 38 81 216
85 23 94 202
19 82 7 108
22 41 43 106
29 17 25 71
22 94 16 132
38 18 67 123
49 24 15 88
44 57 7 108
6 89 12 107
82 19 59 160
45 83 73 201
45 67 27 139
96 43 60 199
25 59 0 84
96 97 93 286
95 55 58 208
13 40 27 80
96 47 59 202
78 64 22 164
12 47 29 88
32 89 46 167
5 7 49 61
33 44 28 105
1 68 44 113
96 25 47 168
57 71 25 153
70 16 88 174
11 9 80 100
33 44 96 173
15 46 72 133
71 40 19 130
39 31 59 129
35 1 75 111
40 48 82 170
66 23 73 162
54 98 58 210
20 1 78 99
63 83 37 183
20 45 88 153
74 28 40 142
23 0 67 90
92 75 60 227
10 78 27 115
69 62 22 153
19 11 4 34
10 1 98 109
43 24 64 131
1 85 61 147
61 65 16 142
69 35 83 187
91 71 64 226
87 7 8 102
30 31 36 97
62 64 89 215
33 35 14 82
93 5 19 117
27 22 37 86
43 26 0 69
50 74 31 155
78 27 90 195
77 48 35 160
43 74 71 188
22 34 84 140
79 71 39 189
30 53 86 169
82 65 5 152
27 50 16 93
50 76 71 197
73 94 21 188
14 93 94 201
80 5 15 100
65 75 52 192
39 52 81 172
63 80 61 204
62 25 67 154
38 94 69 201
57 68 7 132
55 30 84 169
15 62 73 150
66 37 71 174
48 72 32 152
46 78 43 167
41 33 62 136
60 73 24 157
89 78 73 240
26 13 76 115
4 27 5 36
16 26 89 131
18 75 50 143
61 48 92 201
28 23 61 112
96 87 4 187
67 80 88 235
10 45 39 94
68 62 64 194
88 68 65 221
76 14 23 113
2 51 71 124
34 55 96 185
95 66 42 203
77 81 66 224
58 98 38 194
13 82 92 187
46 43 72 161
60 64 80 204
70 17 53 140
2 68 45 115
48 10 69 127
63 13 78 154
71 19 94 184
95 22 59 176
44 21 69 134
3 65 35 103
62 50 69 181
96 86 88 270
40 67 55 162
9 72 96 177
94 15 87 196
94 33 6 133
10 57 16 83
97 77 93 267
24 53 69 146
73 58 89 220
98 16 41 155
25 65 30 120
57 98 2 157
34 98 47 179
52 63 97 212
65 42 10 117
1 63 22 86
67 20 18 105
55 22 95 172
71 51 93 215
26 69 75 170
35 90 25 150
88 48 12 148
75 5 77 157
95 44 26 165
31 37 6 74
61 51 73 185
95 10 67 172
56 59 30 145
10 87 90 187
40 92 78 210
8 18 40 66
98 47 94 239
54 85 20 159
63 31 46 140
3 55 22 80
43 86 88 217
66 98 40 204
42 37 70 149
40 56 25 121
37 4 17 58
10 41 26 77
91 37 6 134
63 22 76 161
85 87 98 270
36 15 70 121
28 40 26 94
36 84 65 185
71 75 3 149
50 77 65 192
89 84 60 233
61 59 37 157
85 81 80 246
3 89 47 139
0 30 22 52
83 3 11 97
10 83 52 145
45 58 34 137
2 23 11 36
61 29 38 128
97 43 82 222
88 63 48 199
97 60 75 232
79 10 8 97
4 71 54 129
42 72 58 172
9 24 17 50
85 92 62 239
29 71 78 178
19 11 23 53
96 86 37 219
14 85 98 197
16 48 44 108
58 77 22 157
8 11 63 82
90 24 62 176
72 37 10 119
97 78 70 245
47 82 58 187
98 89 42 229
50 37 6 93
63 33 91 187
64 51 4 119
50 25 63 138
20 40 84 144
48 0 64 112
97 7 35 139
61 80 25 166
35 29 56 120
78 68 82 228
80 16 20 116
72 0 37 109
66 65 38 169
36 92 28 156
68 13 92 173
86 70 46 202
93 54 41 188
53 87 9 149
74 91 58 223
9 58 74 141
53 92 59 204
91 85 80 256
53 12 97 162
32 71 65 168
61 31 48 140
28 62 85 175
75 41 66 182
30 9 82 121
20 74 61 155
40 31 37 108
13 97 98 208
71 12 49 132
95 79 75 249
67 64 60 191
98 23 58 179
65 61 72 198
43 51 62 156
44 50 37 131
53 6 75 134
6 24 3 33
42 62 41 145
14 70 10 94
67 39 4 110
85 46 90 221
44 4 93 141
59 80 93 232
63 81 44 188
96 94 8 198
23 70 80 173
5 60 10 75
77 94 18 189
19 53 95 167
90 70 14 174
81 19 32 132
43 34 80 157
61 0 1 62
11 79 53 143
88 28 27 143
69 33 13 115
73 5 46 124
87 86 34 207
87 52 54 193
52 30 8 90
17 44 57 118
66 7 60 133
96 58 9 163
69 16 51 136
6 25 7 38
56 53 75 184
17 49 43 109
30 86 77 193
68 94 67 229
55 95 1 151
1 37 46 84
67 93 13 173
91 80 42 213
59 31 36 126
7 14 79 100
11 16 17 44
97 10 52 159
58 75 64 197
15 2 65 82
79 3 34 116
93 62 52 207
23 37 52 112
24 71 54 149
96 93 63 252
18 80 78 176
27 24 9 60
68 23 80 171
28 1 94 123
76 82 97 255
86 43 42 171
33 86 42 161
79 67 13 159
96 88 70 254
87 38 76 201
90 95 18 203
41 26 24 91
89 85 21 195
72 56 57 185
77 30 22 129
46 65 54 165
48 94 67 209
19 74 94 187
42 3 87 132
93 56 6 155
42 62 27 131
91 74 26 191
22 0 28 50
53 15 64 132
12 94 89 195
15 17 20 52
12 92 72 176
29 90 37 156
11 58 16 85
7 40 98 145
89 98 30 217
82 90 92 264
81 42 3 126
26 85 71 182
91 17 19 127
51 31 26 108
92 38 53 183
3 93 55 151
29 27 53 109
12 64 23 99
51 70 98 219
88 60 43 191
63 37 65 165
94 85 70 249
71 46 91 208
24 96 69 189
93 29 19 141
69 28 5 102
74 19 35 128
28 56 11 95
3 87 77 167
71 85 45 201
44 23 73 140
7 87 38 132
95 68 66 229
37 50 1 88
87 69 78 234
70 36 53 159
4 46 8 58
68 34 63 165
11 18 28 57
15 9 17 41
49 58 98 205
30 69 15 114
4 93 36 133
58 28 63 149
18 3 8 29
49 17 38 104
69 77 28 174
63 16 36 115
89 27 53 169
43 84 42 169
66 1 91 158
38 0 90 128
18 76 11 105
47 93 18 158
68 84 18 170
4 32 52 88
12 27 38 77
4 18 42 64
62 49 2 113
25 15 81 121
60 8 46 114
97 11 74 182
59 72 95 226
79 21 1 101
6 39 94 139
66 11 89 166
54 76 47 177
8 9 59 76
90 91 88 269
54 95 64 213
86 37 19 142
18 1 41 60
13 49 68 130
72 20 15 107
42 47 20 109
89 83 84 256
17 42 18 77
82 21 7 110
98 91 22 211
27 68 40 135
22 63 32 117
13 0 29 42
72 78 9 159
43 54 28 125
74 36 46 156
53 20 84 157
41 43 31 115
56 42 21 119
28 36 55 119
88 0 31 119
55 77 0 132
27 81 13 121
83 36 85 204
89 23 69 181
36 29 85 150
14 80 11 105
94 4 51 149
2 24 57 83
66 3 49 118
16 33 40 89
46 25 36 107
59 81 29 169
3 22 76 101
79 2 72 153
29 93 59 181
11 50 39 100
85 46 41 172
24 96 47 167
36 98 6 140
37 27 1 65
4 72 82 158
20 87 69 176
28 88 63 179
2 68 55 125
81 35 4 120
37 57 39 133
39 74 22 135
76 78 49 203
85 60 34 179
75 80 44 199
16 51 81 148
40 69 72 181
77 48 27 152
9 7 80 96
54 98 55 207
38 6 85 129
76 33 46 155
89 38 76 203
33 86 35 154
12 86 8 106
88 53 90 231
78 73 45 196
42 39 43 124
49 0 78 127
98 19 63 180
76 34 92 202
28 32 63 123
59 12 75 146
21 7 84 112
69 66 46 181
88 98 57 243
74 29 68 171
21 55 42 118
23 14 18 55
37 24 39 100
14 48 59 121
47 30 11 88
98 30 36 164
78 15 2 95
6 15 95 116
62 24 23 109
50 52 84 186
83 26 60 169
89 22 40 151
68 24 3 95
66 19 50 135
60 25 55 140
94 54 34 182
93 51 30 174
17 85 14 116
5 83 98 186
57 19 73 149
89 33 51 173
67 58 66 191
22 2 37 61
46 44 90 180
47 23 46 116
73 78 36 187
9 60 94 163
71 17 27 115
51 13 65 129
29 23 71 123
38 41 48 127
88 5 49 142
9 17 95 121
65 29 77 171
11 1 38 50
26 27 44 97
57 98 71 226
37 93 19 149
17 16 82 115
41 31 24 96
50 57 28 135
96 51 47 194
34 2 10 46
85 75 12 172
78 67 3 148
51 77 60 188
90 89 82 261
69 81 64 214
36 3 43 82
73 52 35 160
57 58 66 181
47 31 78 156
16 5 56 77
81 47 27 155
97 0 81 178
81 77 20 178
41 89 47 177
65 54 72 191
33 1 88 122
29 14 42 85
60 28 33 121
65 47 41 153
42 58 48 148
95 83 75 253
1 45 41 87
29 13 46 88
26 80 64 170
89 11 3 103
1 2 27 30
18 11 84 113
19 2 69 90
63 19 46 128
33 44 30 107
86 88 77 251
97 71 70 238
71 77 79 227
15 42 88 145
72 25 9 106
64 85 21 170
97 88 4 189
84 82 86 252
18 62 5 85
5 31 45 81
22 34 71 127
0 1 33 34
81 42 85 208
90 45 70 205
80 96 4 180
0 42 75 117
74 58 31 163
95 79 12 186
48 47 45 140
25 76 17 118
32 51 30 113
34 51 46 131
3 64 13 80
29 81 13 123
98 9 84 191
26 3 91 120
8 11 67 86
51 60 50 161
95 94 21 210
72 83 73 228
96 3 34 133
24 27 53 104
13 36 15 64
66 58 32 156
28 15 46 89
52 60 71 183
97 14 48 159
64 51 60 175
68 60 42 170
18 95 66 179
83 1 97 181
41 59 71 171
44 16 42 102
31 28 71 130
89 97 39 225
75 18 2 95
73 26 82 181
49 11 88 148
32 75 76 183
83 45 50 178
32 7 59 98
62 10 36 108
50 10 75 135
8 89 32 129
22 8 47 77
45 64 36 145
68 54 96 218
84 60 81 225
16 22 74 112
78 65 0 143
7 0 80 87
8 57 3 68
32 73 76 181
11 66 25 102
82 12 31 125
29 41 39 109
10 81 22 113
85 64 33 182
22 48 36 106
52 63 14 129
49 74 75 198
90 39 29 158
92 26 5 123
69 27 93 189
58 27 61 146
60 57 84 201
10 41 84 135
24 47 60 131
23 70 46 139
82 89 8 179
95 75 7 177
69 91 80 240
6 68 12 86
35 4 38 77
83 95 56 234
87 65 17 169
3 19 33 55
62 34 88 184
33 1 65 99
57 25 20 102
68 19 14 101
45 72 65 182
56 35 44 135
17 95 76 188
86 44 28 158
13 31 88 132
82 90 91 263
39 90 15 144
69 23 30 122
58 66 5 129
5 48 51 104
53 84 52 189
22 70 24 116
72 60 1 133
21 33 75 129
11 46 93 150
18 54 77 149
95 7 55 157
90 28 13 131
97 61 24 182
48 91 75 214
57 86 77 220
51 11 89 151
76 54 74 204
39 60 16 115
64 81 91 236
46 48 45 139
39 47 21 107
98 81 40 219
42 83 80 205
71 59 1 131
58 0 71 129
28 31 58 117
56 68 41 165
47 35 49 131
72 26 22 120
57 7 58 122
66 5 48 119
34 20 35 89
8 80 66 154
80 81 47 208
11 74 64 149
43 28 68 139
45 70 93 208
23 72 92 187
48 35 52 135
76 65 6 147
77 29 65 171
72 79 89 240
10 52 95 157
49 82 59 190
87 8 79 174
52 66 91 209
30 1 11 42
97 66 33 196
26 0 49 75
72 98 62 232
45 73 96 214
41 59 69 169
31 92 36 159
13 2 9 24
53 45 52 150
3 27 0 30
21 68 40 129
66 2 91 159
75 98 30 203
8 34 75 117
38 80 90 208
7 1 90 98
21 52 82 155
66 78 8 152
39 54 44 137
25 2 51 78
43 77 7 127
61 29 23 113
65 22 91 178
11 13 6 30
68 51 91 210
46 17 7 70
45 80 86 211
23 14 73 110
7 55 89 151
30 93 71 194
72 39 98 209
83 1 18 102
50 4 29 83
95 5 70 170
34 80 11 125
93 74 45 212
13 94 86 193
52 26 85 163
84 66 70 220
58 82 28 168
93 90 0 183
43 67 76 186
30 87 0 117
76 87 79 242
24 23 84 131
76 90 70 236
34 42 45 121
69 61 5 135
12 55 58 125
14 70 16 100
68 9 86 163
44 83 58 185
39 8 24 71
93 79 76 248
63 53 90 206
86 88 48 222
46 52 12 110
4 13 62 79
93 38 70 201
45 19 72 136
52 32 3 87
48 9 94 151
94 49 64 207
95 66 83 244
52 37 64 153
86 1 28 115
35 15 50 100
21 10 62 93
13 42 29 84
86 19 21 126
23 26 2 51
63 12 73 148
39 31 74 144
86 9 51 146
68 90 80 238
62 13 66 141
33 26 8 67
8 60 86 154
12 72 90 174
36 49 78 163
84 63 79 226
17 62 44 123
75 1 11 87
29 77 83 189
82 61 22 165
53 12 64 129
12 34 72 118
90 86 30 206
13 62 18 93
31 36 30 97
51 6 57 114
98 37 56 191
19 34 88 141
57 79 5 141
60 29 66 155
6 87 47 140
0 94 2 96
5 23 46 74
16 6 78 100
1 93 28 122
97 93 32 222
65 97 48 210
30 40 76 146
3 64 26 93
44 51 82 177
28 42 14 84
25 18 81 124
15 80 84 179
69 37 51 157
53 58 35 146
84 20 60 164
96 89 0 185
93 94 34 221
19 7 74 100
8 30 34 72
46 92 20 158
1 13 63 77
85 94 62 241
76 62 96 234
27 0 5 32
97 84 45 226
45 51 22 118
30 47 18 95
50 35 90 175
29 39 64 132
17 83 4 104
32 20 70 122
33 59 57 149
39 25 51 115
67 86 82 235
31 89 18 138
18 3 62 83
72 50 62 184
3 91 74 168
32 61 87 180
87 14 30 131
32 91 20 143
72 90 95 257
55 68 4 127
53 89 69 211
36 78 7 121
83 57 90 230
44 32 56 132
33 53 55 141
81 87 46 214
92 77 50 219
39 38 34 111
71 73 21 165
38 2 22 62
32 26 55 113
3 27 28 58
34 47 38 119
63 10 51 124
36 17 51 104
52 9 8 69
62 72 46 180
52 6 35 93
47 23 4 74
52 81 85 218
16 66 59 141
84 71 12 167
28 91 22 141
41 94 84 219
92 90 20 202
64 53 66 183
44 31 12 87
14 28 13 55
16 84 12 112
83 14 71 168
41 67 74 182
56 74 73 203
86 2 6 94
21 85 83 189
83 25 55 163
48 10 3 61
4 91 29 124
80 59 50 189
87 38 52 177
72 28 55 155
23 83 60 166
76 93 8 177
91 78 70 239
87 59 9 155
89 55 21 165
83 40 27 150
24 73 46 143
10 95 27 132
30 53 68 151
73 96 83 252
13 50 91 154
43 78 81 202
46 23 25 94
98 39 54 191
7 75 56 138
47 50 58 155
63 53 38 154
23 97 0 120
7 73 61 141
40 12 78 130
31 30 28 89
54 67 3 124
71 19 24 114
8 57 22 87
33 72 6 111
56 81 14 151
18 79 89 186
4 49 5 58
8 11 56 75
21 23 16 60
12 10 90 112
10 48 34 92
96 90 4 190
28 58 12 98
63 54 26 143
22 48 5 75
61 97 69 227
58 21 10 89
66 31 94 191
17 87 52 156
60 95 33 188
81 93 2 176
36 96 6 138
23 36 51 110
58 55 88 201
45 9 71 125
17 92 97 206
84 35 11 130
26 39 30 95
26 68 92 186
36 27 55 118
31 98 84 213
73 93 49 215
84 79 61 224
64 76 77 217
89 24 6 119
33 40 75 148
83 39 2 124
67 85 93 245
24 87 6 117
14 15 68 97
62 46 75 183
14 31 92 137
78 63 93 234
43 39 0 82
72 74 65 211
23 52 8 83
40 54 98 192
20 28 83 131
19 56 38 113
68 75 55 198
32 3 30 65
55 27 44 126
17 88 96 201
45 16 85 146
44 65 62 171
19 77 61 157
92 94 22 208
62 94 35 191
80 24 51 155
30 43 12 85
4 72 36 112
24 79 75 178
63 23 2 88
27 89 48 164
30 6 44 80
61 41 86 188
56 3 90 149
13 12 48 73
4 30 10 44
48 49 7 104
28 90 83 201
58 96 94 248
36 47 39 122
55 93 37 185
22 19 38 79
4 29 43 76
18 46 15 79
65 13 90 168
98 87 42 227
46 79 88 213
70 41 64 175
27 19 77 123
75 7 64 146
22 73 10 105
23 40 28 91
50 75 34 159
73 22 67 162
36 72 49 157
15 10 44 69
17 20 25 62
54 26 77 157
26 50 64 140
21 47 46 114
52 22 28 102
80 39 88 207
93 31 92 216
57 30 26 113
23 58 28 109
41 5 43 89
52 85 89 226
69 2 19 90
0 68 72 140
40 72 66 178
14 7 95 116
42 5 6 53
3 20 65 88
17 69 53 139
16 31 38 85
37 36 18 91
33 74 48 155
40 39 91 170
16 29 87 132
87 51 58 196
43 38 93 174
57 69 81 207
5 33 86 124
96 62 29 187
50 75 91 216
75 27 57 159
9 93 73 175
44 96 67 207
24 4 70 98
91 22 49 162
80 20 33 133
53 47 25 125
86 83 71 240
54 14 12 80
27 52 21 100
78 18 9 105
89 93 2 184
70 55 39 164
96 56 92 244
35 82 32 149
91 38 47 176
76 45 3 124
8 98 78 184
9 62 78 149
80 84 51 215
51 32 25 108
30 36 4 70
67 4 36 107
3 41 76 120
41 72 87 200
85 39 57 181
53 66 89 208
63 93 44 200
79 7 91 177
40 60 91 191
70 69 5 144
27 44 78 149
8 93 38 139
21 6 16 43
97 76 78 251
13 61 7 81
98 57 24 179
55 69 20 144
89 56 34 179
31 48 0 79
45 14 77 136
74 26 4 104
79 73 24 176
58 27 4 89
51 26 14 91
75 96 39 210
58 48 91 197
0 3 8 11
96 3 37 136
5 23 97 125
20 22 60 102
57 72 86 215
12 66 89 167
88 23 58 169
5 13 65 83
4 14 45 63
25 60 54 139
85 80 55 220
52 40 25 117
10 97 44 151
63 89 33 185
32 9 43 84
33 49 96 178
52 67 95 214
2 56 64 122
96 80 27 203
77 36 6 119
85 91 44 220
63 7 15 85
30 20 62 112
73 31 44 148
33 7 8 48
38 12 9 59
68 60 72 200
68 6 55 129
89 94 58 241
61 58 17 136
45 71 67 183
39 65 18 122
11 39 33 83
50 9 85 144
87 95 81 263
70 4 69 143
85 58 56 199
68 56 86 210
12 88 25 125
13 2 48 63
49 23 16 88
70 29 11 110
83 82 23 188
94 77 2 173
40 57 31 128
36 47 19 102
17 62 65 144
57 26 92 175
55 13 27 95
29 40 74 143
38 73 47 158
67 37 14 118
19 88 64 171
31 79 64 174
76 0 44 120
97 1 84 182
58 78 42 178
14 90 45 149
81 89 41 211
75 48 93 216
76 16 61 153
75 3 71 149
37 79 96 212
2 37 58 97
13 87 83 183
30 2 7 39
68 72 42 182
24 16 22 62
45 13 67 125
11 57 22 90
43 56 41 140
66 69 3 138
86 17 18 121
94 24 41 159
11 40 79 130
59 82 1 142
90 56 95 241
62 18 3 83
1 16 67 84
1 77 3 81
29 19 32 80
68 83 15 166
33 53 45 131
64 17 2 83
70 11 38 119
9 78 70 157
68 70 13 151
11 12 66 89
96 23 14 133
50 31 69 150
40 68 53 161
47 91 84 222
29 48 82 159
76 41 33 150
44 52 66 162
29 57 45 131
33 6 36 75
40 77 34 151
6 94 74 174
49 41 75 165
42 67 76 185
31 21 17 69
52 53 15 120
13 77 50 140
42 48 51 141
41 44 55 140
91 18 77 186
39 21 13 73
15 19 3 37
42 50 17 109
48 65 14 127
18 82 20 120
13 32 4 49
77 11 86 174
0 51 33 84
53 89 14 156
93 44 27 164
75 97 94 266
44 85 72 201
7 97 43 147
94 66 97 257
54 59 13 126
38 69 28 135
97 48 21 166
59 10 2 71
6 74 47 127
35 52 72 159
28 13 91 132
6 51 71 128
85 23 63 171
36 38 54 128
81 89 46 216
24 36 37 97
39 55 54 148
63 86 98 247
93 21 57 171
26 7 3 36
14 49 13 76
42 51 54 147
49 30 13 92
70 79 92 241
46 25 77 148
51 90 14 155
58 17 10 85
81 1 90 172
58 43 88 189
61 74 75 210
25 35 62 122
59 30 70 159
51 14 53 118
59 0 40 99
75 54 70 199
5 2 81 88
91 57 48 196
24 95 65 184
97 46 86 229
88 64 97 249
53 45 92 190
83 8 3 94
19 31 76 126
88 33 89 210
84 77 14 175
74 75 33 182
83 71 16 170
70 39 23 132
76 3 57 136
63 56 59 178
56 48 20 124
82 70 81 233
18 98 1 117
77 24 41 142
26 6 97 129
62 63 27 152
83 75 22 180
10 6 32 48
47 57 80 184
1 53 26 80
31 20 81 132
31 91 5 127
14 2 93 109
80 64 41 185
67 68 17 152
86 78 56 220
57 23 29 109
5 11 90 106
59 26 56 141
53 86 79 218
51 4 49 104
91 82 22 195
72 25 52 149
72 22 29 123
92 72 97 261
44 81 15 140
82 26 70 178
57 61 84 202
9 49 47 105
25 80 30 135
4 62 15 81
62 10 98 170
8 32 73 113
11 19 20 50
43 90 60 193
90 79 83 252
27 49 16 92
77 60 25 162
28 53 54 135
88 94 28 210
75 82 83 240
60 43 87 190
27 85 28 140
78 73 84 235
60 82 78 220
68 18 37 123
12 25 18 55
23 22 16 61
49 97 44 190
88 66 15 169
78 50 38 166
26 77 7 110
36 7 25 68
9 95 50 154
20 73 51 144
31 96 68 195
98 61 58 217
25 56 14 95
50 22 53 125
49 22 29 100
80 18 87 185
16 0 10 26
7 48 83 138
80 2 17 99
71 19 65 155
21 29 72 122
31 56 86 173
94 64 19 177
29 86 98 213
76 20 37 133
59 38 19 116
49 52 93 194
14 79 88 181
46 97 80 223
97 30 93 220
82 83 38 203
71 41 70 182
1 45 41 87
46 82 89 217
14 89 26 129
47 55 20 122
75 51 66 192
93 69 20 182
34 86 45 165
86 79 47 212
0 13 94 107
70 93 13 176
7 8 1 16
52 25 80 157
79 62 65 206
93 8 10 111
28 94 1 123
57 86 77 220
76 49 0 125
39 59 96 194
46 54 5 105
47 70 18 135
9 2 26 37
78 29 8 115
98 95 8 201
6 50 45 101
12 27 88 127
21 58 29 108
0 89 19 108
25 61 8 94
18 59 9 86
47 81 20 148
21 85 86 192
63 90 91 244
1 49 38 88
43 1 83 127
79 85 32 196
93 38 76 207
38 74 44 156
45 73 46 164
32 88 35 155
30 84 92 206
98 53 17 168
74 41 69 184
91 65 50 206
62 94 88 244
42 98 34 174
44 29 42 115
49 7 28 84
57 1 96 154
41 1 49 91
98 91 94 283
12 4 39 55
92 23 44 159
32 30 34 96
85 19 4 108
63 71 64 198
78 28 49 155
41 8 63 112
11 93 24 128
70 19 44 133
58 65 24 147
77 8 5 90
91 24 80 195
76 37 36 149
64 56 19 139
54 31 38 123
22 38 3 63
35 64 62 161
3 76 49 128
92 5 74 171
76 80 4 160
43 1 3 47
61 74 23 158
75 86 53 214
28 33 80 141
87 1 5 93
46 19 55 120
22 3 39 64
74 90 51 215
9 15 47 71
38 40 15 93
22 56 64 142
30 95 57 182
80 94 25 199
0 75 33 108
72 56 14 142
37 33 45 115
15 22 32 69
39 27 30 96
22 52 20 94
83 11 94 188
21 24 0 45
41 54 20 115
62 93 98 253
88 40 25 153
41 90 21 152
42 7 1 50
83 4 89 176
50 67 63 180
9 64 83 156
32 85 12 129
44 9 72 125
87 39 88 214
14 39 66 119
83 3 86 172
3 30 21 54
16 20 4 40
37 87 45 169
93 43 52 188
37 72 88 197
0 77 7 84
8 54 89 151
14 10 59 83
63 0 39 102
32 17 26 75
63 88 30 181
92 52 17 161
7 11 57 75
50 83 57 190
64 49 87 200
49 54 69 172
89 31 61 181
53 93 45 191
77 32 61 170
25 15 10 50
79 41 51 171
83 62 58 203
79 62 61 202
73 45 0 118
60 75 1 136
28 85 42 155
49 95 33 177
61 67 15 143
91 81 1 173
4 10 16 30
73 18 76 167
87 96 52 235
64 1 96 161
96 92 58 246
92 19 21 132
48 53 50 151
73 72 42 187
30 28 35 93
83 3 62 148
8 44 85 137
34 8 4 46
31 49 59 139
70 98 79 247
37 25 9 71
82 9 61 152
66 24 57 147
47 86 1 134
96 54 49 199
97 43 26 166
7 14 4 25
22 86 74 182
47 95 28 170
34 85 51 170
49 2 0 51
1 29 83 113
50 52 35 137
12 22 10 44
41 4 64 109
